1745836621924 0.0025603771209716797 0
1745836623939 2.018589496612549 0
1745836625952 4.029041767120361 0
1745836627971 6.04946494102478 0
1745836629996 8.0750892162323 0
1745836632013 10.09228515625 0
1745836634028 12.105001449584961 0
1745836636055 14.133142709732056 0
1745836638070 16.147584199905396 0
1745836640087 18.166396141052246 0
1745836642100 20.177749633789062 0
1745836644121 22.200317859649658 0
1745836646134 24.21122908592224 0
1745836648148 26.227564096450806 0
1745836650171 28.250066995620728 0
1745836652186 30.26297378540039 0
1745836654206 32.28411817550659 0
1745836656230 34.3072783946991 0
1745836658250 36.330079317092896 0
1745836660267 38.34584403038025 0
1745836662291 40.370331048965454 0
1745836664303 42.3815553188324 0
1745836666315 44.393977880477905 0
