1745836621921 69.04940633761423 0
1745836623935 9.642052084677388 0
1745836625944 29.850885045548992 0
1745836627964 24.71540434878785 0
1745836629992 53.35101831971115 0
1745836632009 69.67435532748118 0
1745836634020 5.880624908500954 0
1745836636047 41.84563940290976 0
1745836638063 38.82164863612046 0
1745836640082 80.83804154752343 0
1745836642094 63.0538579075701 0
1745836644117 72.49335647967867 0
1745836646127 94.27961662658517 0
1745836648144 59.51505842666249 0
1745836650166 3.748951651950627 0
1745836652177 67.99597736056869 0
1745836654199 95.63123821907031 0
1745836656224 86.70883408116163 0
1745836658246 94.32682411324842 0
1745836660262 44.83707915987917 0
1745836662285 38.654817878854665 0
1745836664299 55.34512724354782 0
1745836666312 55.70994427517032 0
