1743407052340 0.003995418548583984 0
1743407054357 2.0190773010253906 0
1743407056376 4.03822660446167 0
1743407058397 6.060989856719971 0
1743407060422 8.082589149475098 0
1743407062449 10.111936569213867 0
1743407064472 12.135960817337036 0
1743407066492 14.154108762741089 0
1743407068522 16.183695554733276 0
1743407070538 18.20201325416565 0
1743407072570 20.229668617248535 0
1743407074600 22.263718128204346 0
1743407076634 24.293914794921875 0
1743407078654 26.31612205505371 0
1743407080675 28.336172819137573 0
1743407082691 30.35484266281128 0
1743407084698 32.36130499839783 0
1743407086717 34.37825417518616 0
1743407088736 36.39976143836975 0
1743407090764 38.4245491027832 0
1743407092785 40.44810366630554 0
1743407094817 42.48014950752258 0
1743407096842 44.50361776351929 0
1743407098869 46.529956102371216 0
1743407100902 48.563130617141724 0
1743407102925 50.589192628860474 0
1743407104946 52.608478307724 0
1743407106966 54.62901067733765 0
1743407108980 56.642852783203125 0
1743407111009 58.66929578781128 0
1743407113034 60.69679236412048 0
1743407115085 62.74903082847595 0
1743407117112 64.77374076843262 0
1743407119135 66.79686212539673 0
1743407121159 68.82219386100769 0
1743407123180 70.84331274032593 0
1743407125187 72.85191559791565 0
1743407127198 74.86052703857422 0
1743407129214 76.87726616859436 0
1743407131243 78.90579748153687 0
1743407133257 80.91990923881531 0
1743407135266 82.92944264411926 0
1743407137277 84.94093036651611 0
1743407139287 86.95083928108215 0
1743407141317 88.97881770133972 0
1743407143333 90.99698853492737 0
1743407145351 93.01177048683167 0
1743407147384 95.04457950592041 0
1743407149410 97.0715274810791 0
1743407151432 99.09476590156555 0
1743407153449 101.10989308357239 0
1743407155482 103.14596629142761 0
1743407157491 105.15429925918579 0
1743407159502 107.16613030433655 0
1743407161511 109.17358994483948 0
1743407163532 111.19578003883362 0
1743407165542 113.20527720451355 0
1743407167561 115.22235608100891 0
1743407169592 117.25223422050476 0
1743407171620 119.28219294548035 0
1743407173644 121.30732083320618 0
1743407175664 123.32722067832947 0
