1743407052337 61.13570139159064 0
1743407054350 2.8319837895759425 0
1743407056369 15.053843199839578 0
1743407058395 22.170365821017935 0
1743407060410 21.62835751710248 0
1743407062443 54.033998789002794 0
1743407064466 76.67385068805594 0
1743407066484 61.68005437541157 0
1743407068514 92.42238134858442 0
1743407070535 10.164000066366752 0
1743407072559 96.48903275659045 0
1743407074595 36.90236101310697 0
1743407076623 34.03060076007802 0
1743407078648 30.071710318653345 0
1743407080666 68.65626696030127 0
1743407082689 11.544461007457684 0
1743407084695 67.13023757738311 0
1743407086709 87.39315909988021 0
1743407088734 79.8383861126347 0
1743407090754 70.5173217017662 0
1743407092780 78.30790756915465 0
1743407094811 22.70097527791356 0
1743407096834 89.40268205208154 0
1743407098860 90.08720690343152 0
1743407100893 58.93198151812773 0
1743407102923 16.354810107087868 0
1743407104942 54.46747755445449 0
1743407106960 59.140927742549124 0
1743407108974 86.58329380783921 0
1743407110998 37.87994671793828 0
1743407113027 91.41853609914061 0
1743407115074 1.0926233126018592 0
1743407117104 8.989730064578561 0
1743407119128 15.625992310314752 0
1743407121154 79.3358723375394 0
1743407123177 28.07047199202426 0
1743407125186 45.4001458773805 0
1743407127195 39.213207860511034 0
1743407129209 45.86059928446623 0
1743407131237 89.3872775332449 0
1743407133250 69.63203399543745 0
1743407135262 96.19954437445605 0
1743407137274 98.1357513874891 0
1743407139284 3.629088669806668 0
1743407141309 1.7992477081883118 0
1743407143330 29.349391628020626 0
1743407145341 36.92440669936972 0
1743407147375 78.73926180797613 0
1743407149401 99.46687472137266 0
1743407151428 78.86778868747459 0
1743407153440 95.95595935907481 0
1743407155479 15.54936275237353 0
1743407157486 99.36315416760037 0
1743407159499 40.31005422299566 0
1743407161507 19.487193985986686 0
1743407163528 45.86076228897116 0
1743407165539 31.48078225410962 0
1743407167552 22.056869278273428 0
1743407169582 92.61175654637049 0
1743407171612 27.56283369420047 0
1743407173637 25.721133545595553 0
1743407175660 59.29489634319351 0
